Bacteria eval
	TP: 296
	overlap: 6
	normalization: 46
	FN: 27
	FP: 6
	overlap precision: 0.853107344633
	overlap sensitivity: 0.805333333333
	precision: 0.83615819209
	sensitivity: 0.789333333333
