Bacteria eval
	TP: 187
	overlap: 9
	normalization: 18
	FN: 30
	FP: 6
	overlap precision: 0.890909090909
	overlap sensitivity: 0.803278688525
	precision: 0.85
	sensitivity: 0.766393442623
